82
Point 0
-0.000172655
0
0.874571
-0.785319
0
0
5.02602e-05
0
0
-2.35767
0
0
8.62499e-05
0
0
1.57079
0
0
0.785921
0
0
0.000000000
Point 1
0.00627011
0.0929322
0.939198
-0.784959
0.012698
0.22932
0.0169643
0.244555
2.47938
-2.35735
0.0111304
0.200359
0.0120696
0.172976
1.74984
1.57091
0.0041155
0.0746844
0.804308
0.26585
2.69521
0.121381829
Point 2
0.0126907
0.151533
0.873987
-0.783874
0.0353426
0.602031
0.0338765
0.400645
2.37204
-2.3564
0.0309014
0.52536
0.0240238
0.282452
1.64211
1.57126
0.0114917
0.196133
0.822693
0.435518
2.57808
0.169734853
Point 3
0.0190673
0.183977
0.789732
-0.782067
0.0636989
0.890416
0.0507849
0.490487
2.24651
-2.35482
0.055674
0.778605
0.0359199
0.343782
1.50534
1.57185
0.0207009
0.288418
0.841072
0.533153
2.44103
0.207182220
Point 4
0.0253781
0.208718
0.733325
-0.77954
0.0968101
1.17308
0.0676879
0.563023
2.22909
-2.35261
0.0846787
1.02919
0.0477288
0.391383
1.42701
1.57267
0.0313754
0.376612
0.859445
0.611959
2.4214
0.239107895
Point 5
0.031602
0.228034
0.610314
-0.776298
0.133593
1.41057
0.0845841
0.624543
2.06231
-2.34977
0.117025
1.24311
0.0594219
0.429529
1.22892
1.57372
0.0431101
0.447373
0.877809
0.678776
2.23945
0.267428797
Point 6
0.0377182
0.243483
0.576992
-0.772346
0.173816
1.69638
0.101472
0.67952
2.17241
-2.34631
0.152569
1.50274
0.0709703
0.461168
1.20434
1.57499
0.0557712
0.530317
0.896163
0.73847
2.35856
0.293311458
Point 7
0.0437065
0.25517
0.388668
-0.767689
0.216474
1.85845
0.118352
0.728285
1.87427
-2.34222
0.190486
1.65735
0.0823455
0.486457
0.888573
1.57648
0.0689772
0.569796
0.914506
0.791408
2.03431
0.317201279
Point 8
0.0495474
0.258591
-0.0975564
-0.762335
0.256123
1.6257
0.135222
0.757557
0.677061
-2.3375
0.226024
1.46584
0.0935192
0.496678
-0.0074693
1.57818
0.0809485
0.481818
0.932838
0.823165
0.733681
0.339694525
Point 9
0.0552225
0.255902
-0.146934
-0.756292
0.292816
1.7046
0.152084
0.772784
0.704903
-2.33216
0.259248
1.54974
0.104463
0.495745
-0.0778938
1.58008
0.0916735
0.491461
0.95116
0.839676
0.764792
0.361733074
Point 10
0.0607138
0.250932
-0.313513
-0.749567
0.328757
1.61497
0.168937
0.784375
0.363296
-2.3262
0.292108
1.4854
0.11515
0.490797
-0.381542
1.58218
0.101832
0.446635
0.969472
0.852261
0.394972
0.383327177
Point 11
0.0660048
0.243726
-0.360951
-0.74217
0.363555
1.64133
0.185784
0.792219
0.370717
-2.31961
0.324271
1.52447
0.125552
0.481808
-0.459966
1.58446
0.11127
0.436494
0.987777
0.860808
0.404894
0.404699259
Point 12
0.0710797
0.228529
-1.04548
-0.73411
0.385833
0.444372
0.202627
0.775589
-1.89332
-2.31241
0.345526
0.464493
0.135641
0.456996
-1.83354
1.58691
0.116559
0.0596182
1.00608
0.842804
-2.05323
0.425854352
Point 13
0.0759239
0.205067
-1.04914
-0.725396
0.391618
0.0829269
0.219469
0.730785
-2.10054
-2.30459
0.352199
0.140989
0.145391
0.415319
-1.88576
1.58952
0.116602
-0.0524
1.02438
0.794227
-2.2769
0.448160475
Point 14
0.0805241
0.181424
-0.934173
-0.716037
0.391722
-0.0690868
0.236313
0.682783
-1.92425
-2.29615
0.353846
0.00159109
0.154773
0.372541
-1.70199
1.59229
0.114792
-0.0975652
1.04269
0.742215
-2.08419
0.472000106
Point 15
0.084868
0.157778
-0.904227
-0.706042
0.385196
-0.423613
0.253164
0.630788
-2.10811
-2.28711
0.349512
-0.325168
0.163761
0.328815
-1.69557
1.59519
0.110951
-0.196907
1.06101
0.685895
-2.28359
0.497570101
Point 16
0.0889448
0.133017
-0.849857
-0.695421
0.36778
-0.788793
0.270027
0.568653
-2.27742
-2.27745
0.335216
-0.667742
0.172328
0.281629
-1.64439
1.59822
0.103977
-0.291304
1.07935
0.618569
-2.46825
0.525556466
Point 17
0.0927448
0.107678
-0.739964
-0.68418
0.338173
-1.04193
0.28691
0.495857
-2.2683
-2.26718
0.309617
-0.913274
0.180447
0.23184
-1.47608
1.60137
0.0937018
-0.346362
1.09772
0.539645
-2.46003
0.557127748
Point 18
0.0962598
0.0816579
-0.633672
-0.672328
0.292204
-1.33568
0.303819
0.408085
-2.32311
-2.2563
0.268702
-1.20027
0.188089
0.17893
-1.3118
1.60462
0.0792456
-0.404801
1.11613
0.444384
-2.52279
0.594130041
Point 19
0.0994827
0.0514905
-0.511728
-0.65987
0.209403
-1.66271
0.320762
0.280234
-2.40057
-2.24482
0.193334
-1.52341
0.195227
0.114793
-1.11059
1.60795
0.055576
-0.460606
1.13458
0.305363
-2.61241
0.641301268
Point 20
0.102408
0.00928167
-0.514836
-0.646812
0.100074
-1.10846
0.337751
0.0877042
-2.30405
-2.23273
0.194608
1.04253
0.201833
0.0249113
-1.08238
1.61136
-0.080464
-2.45263
1.1531
0.116204
-2.09428
0.725706430
Point 21
0.100593
-0.0243004
-0.194132
-0.641689
0.0741354
0.678878
0.334835
-0.0370437
-0.264551
-2.20499
0.374341
3.03631
0.198626
-0.0421497
-0.324362
1.58866
-0.301451
-2.36801
1.15457
0.0202774
0.172681
0.838458794
Point 22
0.0987622
-0.0370078
-0.178614
-0.635896
0.123985
0.839352
0.332118
-0.0523826
-0.164916
-2.17667
0.5764
2.92494
0.19548
-0.0626636
-0.269945
1.56604
-0.454393
-2.0969
1.15612
0.0323253
0.188425
0.894789801
Point 23
0.0969161
-0.0448488
-0.160831
-0.629442
0.164713
0.942689
0.329604
-0.0581809
-0.0790834
-2.14776
0.707603
2.76856
0.19239
-0.0740592
-0.221165
1.54348
-0.545393
-1.83748
1.15777
0.0412118
0.199272
0.939262732
Point 24
0.0950565
-0.0508522
-0.144817
-0.62233
0.203151
1.02552
0.327295
-0.0599039
-0.00439219
-2.11824
0.813611
2.63778
0.189355
-0.0819878
-0.181373
1.52096
-0.613424
-1.62417
1.15952
0.049233
0.21112
0.977853048
Point 25
0.0931845
-0.055862
-0.139363
-0.614563
0.24113
1.13556
0.325197
-0.059086
0.0533791
-2.08808
0.907226
2.67891
0.18637
-0.0880706
-0.163164
1.49846
-0.669495
-1.55619
1.16138
0.057056
0.234036
1.012834401
Point 26
0.091301
-0.0601069
-0.120745
-0.606143
0.278734
1.17561
0.323314
-0.0562825
0.121136
-2.05726
0.991778
2.50887
0.183432
-0.0928406
-0.128653
1.47595
-0.716864
-1.34631
1.16335
0.0648397
0.244425
1.045192001
Point 27
0.0894071
-0.0636679
-0.111407
-0.597064
0.315792
1.24471
0.321653
-0.0517554
0.175749
-2.02577
1.06843
2.49291
0.180534
-0.0965524
-0.11318
1.45341
-0.756867
-1.26218
1.16545
0.0726432
0.265406
1.075736457
Point 28
0.0875036
-0.0667015
-0.0958694
-0.587322
0.352585
1.27379
0.320221
-0.0458076
0.232475
-1.99355
1.13963
2.37739
0.177672
-0.0995684
-0.0927913
1.43081
-0.791696
-1.11829
1.16768
0.0806169
0.28059
1.104871819
Point 29
0.0855918
-0.0694549
-0.100185
-0.576908
0.390254
1.40985
0.319028
-0.038665
0.276714
-1.96059
1.20974
2.61713
0.174838
-0.102361
-0.106236
1.40812
-0.824584
-1.22448
1.17006
0.0890925
0.323446
1.132957165
Point 30
0.0836727
-0.0718528
-0.0759471
-0.565809
0.428238
1.38574
0.318084
-0.030341
0.336927
-1.92684
1.27762
2.37545
0.172025
-0.104931
-0.082547
1.38533
-0.854956
-1.00777
1.17259
0.098009
0.333035
1.160048582
Point 31
0.0817479
-0.0738427
-0.074652
-0.554007
0.466323
1.49818
0.317402
-0.0207864
0.386855
-1.89225
1.34279
2.55945
0.169225
-0.107316
-0.0981371
1.36239
-0.882561
-1.08252
1.1753
0.107386
0.377266
1.186463190
Point 32
0.0798193
-0.0746007
0.0167111
-0.541483
0.498756
0.996393
0.316996
-0.0100117
0.442891
-1.85678
1.39001
1.06958
0.166425
-0.108453
0.011064
1.33927
-0.897851
-0.0900791
1.17819
0.115947
0.281324
1.212241077
Point 33
0.0778894
-0.0715821
0.207682
-0.528208
0.50657
-0.375716
0.316885
0.00150825
0.429295
-1.82035
1.36978
-2.52459
0.163615
-0.104733
0.265075
1.31595
-0.870027
2.14824
1.1813
0.119233
-0.026075
1.238186640
Point 34
0.0759614
-0.0660722
0.185574
-0.51415
0.496098
-0.370313
0.31709
0.0126528
0.366818
-1.78291
1.3033
-2.22177
0.160779
-0.0980358
0.213867
1.29237
-0.814058
1.84932
1.18463
0.118596
-0.0195471
1.266217886
Point 35
0.0740398
-0.0601618
0.200679
-0.499269
0.480322
-0.649883
0.317636
0.0226962
0.293943
-1.74437
1.22813
-2.67858
0.157901
-0.0913495
0.223427
1.2685
-0.754685
2.02946
1.18822
0.116937
-0.0860644
1.296543587
Point 36
0.0721306
-0.0531754
0.210883
-0.483517
0.453114
-0.938411
0.318554
0.0310477
0.204003
-1.70464
1.12924
-3.12903
0.154959
-0.0835427
0.236373
1.24429
-0.682905
2.19544
1.19209
0.112635
-0.163201
1.330063158
Point 37
0.0702418
-0.045745
0.177126
-0.466833
0.418585
-0.859289
0.319881
0.0375472
0.137913
-1.6636
1.01786
-2.68309
0.151926
-0.0754076
0.189142
1.21968
-0.605879
1.828
1.19629
0.106531
-0.154292
1.368304180
Point 38
0.0683844
-0.0381225
0.163679
-0.449146
0.377518
-0.962391
0.321663
0.0418084
0.0585265
-1.62113
0.896745
-2.71196
0.148771
-0.0670482
0.183836
1.19461
-0.52557
1.75685
1.20085
0.0985994
-0.195744
1.412424555
Point 39
0.0665735
-0.0294517
0.152143
-0.430365
0.31896
-1.14003
0.323955
0.0420131
-0.0394253
-1.57707
0.740933
-2.91439
0.145452
-0.0563923
0.200597
1.169
-0.427728
1.78769
1.20582
0.0856682
-0.264953
1.465454819
Point 40
0.0648302
-0.0177936
0.125214
-0.410382
0.212032
-1.29021
0.326828
0.0320472
-0.157342
-1.53123
0.482912
-3.02263
0.141917
-0.0376682
0.225394
1.14277
-0.274995
1.75451
1.21128
0.0585351
-0.3409
1.535874490
Point 41
0.0631839
-0.018303
-0.108548
-0.389058
0.0162533
-1.8019
0.33037
-0.061385
-1.23021
-1.48337
0.102474
-3.08504
0.138096
-0.0246734
0.00670691
1.1158
-0.0946787
1.20222
1.2173
-0.0724854
-1.62799
1.687877308
Point 42
0.0600047
-0.044197
-0.426104
-0.402352
-0.179594
-1.66101
0.312353
-0.252105
-2.45267
-1.49692
-0.18336
-1.69943
0.13511
-0.0490342
-0.57415
1.11433
-0.0210088
-0.210175
1.19453
-0.319405
-3.11924
1.811219602
Point 43
0.0568994
-0.0718297
-0.422268
-0.414819
-0.280657
-1.34107
0.294592
-0.41179
-2.45949
-1.50966
-0.286986
-1.38238
0.131447
-0.0937823
-0.91349
1.11283
-0.0349121
-0.220821
1.17201
-0.523426
-3.17089
1.860810874
Point 44
0.0538474
-0.0878537
-0.392096
-0.42649
-0.326105
-0.932059
0.277064
-0.504611
-2.25437
-1.5216
-0.333962
-0.96813
0.127165
-0.133
-1.11027
1.11134
-0.0431595
-0.197439
1.14969
-0.643726
-2.94276
1.898470397
Point 45
0.0508327
-0.0975536
-0.187391
-0.437391
-0.341672
0.0408517
0.259747
-0.559517
-1.02135
-1.53278
-0.350343
0.0286307
0.122315
-0.166329
-0.911157
1.10985
-0.0477609
-0.0759928
1.12756
-0.716235
-1.38751
1.930316223
Point 46
0.0478424
-0.0957754
0.298865
-0.447545
-0.31482
1.68
0.242621
-0.547167
1.79925
-1.54319
-0.323137
1.71476
0.116945
-0.179667
0.0447103
1.1084
-0.0461565
0.177788
1.1056
-0.702678
2.2379
1.960088402
Point 47
0.0448665
-0.0840917
0.394392
-0.456971
-0.25743
1.75135
0.225666
-0.47759
2.33155
-1.55287
-0.264449
1.79378
0.1111
-0.170992
0.448209
1.10698
-0.0394132
0.222983
1.08379
-0.615217
2.95173
1.992750742
Point 48
0.0418974
-0.0849641
-0.447801
-0.465687
-0.238607
-0.700542
0.208866
-0.478671
-2.41596
-1.56183
-0.245283
-0.723871
0.10482
-0.185927
-1.30014
1.10561
-0.0381125
-0.151379
1.06211
-0.618556
-3.17039
2.031274165
Point 49
0.0389292
-0.0862591
0.380933
-0.473709
-0.223873
1.56381
0.192205
-0.482323
2.24775
-1.57008
-0.230232
1.60586
0.0981444
-0.198717
0.584488
1.10431
-0.0369087
0.223577
1.04056
-0.624795
2.86617
2.063239172
Point 50
0.0359579
-0.0713185
0.394629
-0.481049
-0.168936
1.31751
0.175666
-0.395442
2.26815
-1.57763
-0.173783
1.35455
0.09111
-0.172115
0.77944
1.10308
-0.0287073
0.204771
1.0191
-0.513471
2.91764
2.100538030
Point 51
0.0329805
-0.0721363
-0.43628
-0.487719
-0.152373
-0.537878
0.159237
-0.396131
-2.31655
-1.58449
-0.156764
-0.553466
0.0837515
-0.181968
-1.25396
1.10193
-0.0266958
-0.110392
0.997742
-0.515624
-3.04022
2.147818612
Point 52
0.0299951
-0.0839084
-0.146361
-0.49373
-0.159253
0.247631
0.142904
-0.457144
-0.693356
-1.59067
-0.163832
0.255457
0.0761023
-0.218396
-0.566089
1.10086
-0.0285451
0.0262979
0.976463
-0.596136
-0.934538
2.184540185
Point 53
0.0270008
-0.0787202
0.40533
-0.499088
-0.133084
1.13067
0.126655
-0.425752
2.27434
-1.59619
-0.136879
1.16414
0.0681945
-0.210301
0.94548
1.09989
-0.0243349
0.194458
0.955255
-0.556085
2.94793
2.219148933
Point 54
0.0239974
-0.0596346
0.43144
-0.503803
-0.0883834
0.877116
0.110478
-0.32033
2.35706
-1.60104
-0.0908651
0.902723
0.0600591
-0.162933
1.11528
1.09902
-0.0164561
0.158152
0.934108
-0.418985
3.07257
2.261496625
Point 55
0.0209853
-0.0602514
-0.457182
-0.50788
-0.0738642
-0.323677
0.0943633
-0.321241
-2.40328
-1.60522
-0.0758691
-0.331098
0.0517261
-0.168441
-1.33213
1.09825
-0.0140261
-0.0655775
0.913013
-0.420798
-3.15682
2.323797415
Point 56
0.0179654
-0.0806255
-0.446845
-0.511324
-0.0825939
-0.015921
0.0782997
-0.427751
-2.31774
-1.60876
-0.0847371
-0.0130178
0.0432248
-0.228756
-1.3521
1.09759
-0.0159021
-0.00889287
0.891961
-0.560848
-3.05211
2.365649399
Point 57
0.0149391
-0.0927687
-0.224677
-0.514139
-0.0763005
0.403392
0.0622778
-0.490206
-1.13294
-1.61165
-0.0781355
0.418869
0.034584
-0.266422
-0.736267
1.09705
-0.0148812
0.0727557
0.870946
-0.643224
-1.49996
2.399616812
Point 58
0.0119079
-0.0890435
0.431444
-0.51633
-0.0559566
0.801744
0.0462883
-0.469176
2.30654
-1.61389
-0.0571302
0.825567
0.0258319
-0.258104
1.18705
1.09662
-0.0110503
0.154028
0.849958
-0.615961
3.01989
2.431047089
Point 59
0.00887372
-0.0723587
0.435542
-0.517899
-0.030956
0.527741
0.0303222
-0.380555
2.30135
-1.61549
-0.031412
0.542234
0.0169964
-0.211258
1.24241
1.0963
-0.00621042
0.103118
0.828991
-0.499795
3.01956
2.468210343
Point 60
0.00583859
-0.0470113
0.439592
-0.518847
-0.0115296
0.223732
0.0143706
-0.247079
2.31026
-1.61644
-0.01153
0.227743
0.00810516
-0.137881
1.28329
1.09611
-0.00237633
0.044763
0.808039
-0.324546
3.03446
2.516331640
Point 61
0.0028047
-0.0155179
0.268681
-0.519176
-0.0801088
-1.33632
-0.00157515
-0.0812999
1.41668
-1.61675
-0.18094
-3.09438
-0.000814538
-0.0455547
0.791117
1.09604
0.100534
1.76324
0.787093
-0.10674
1.86181
2.614356813
Point 62
0.00279341
-0.000126018
-0.0008029
-0.539838
-0.220717
-1.27304
-0.00156598
8.24297e-05
0.000254142
-1.664
-0.50989
-3.01477
-0.000829751
-0.000166023
-0.00100736
1.12262
0.289173
1.74174
0.787119
0.000269235
0.00145523
2.746078587
Point 63
0.00278195
-0.000193108
-0.000882431
-0.55945
-0.319406
-1.14623
-0.00155942
8.76597e-05
-0.000247367
-1.70956
-0.748941
-2.89014
-0.000844675
-0.000248756
-0.0010597
1.14857
0.429535
1.74391
0.787142
0.00037644
0.00112575
2.814993894
Point 64
0.00277037
-0.000242688
-0.000942685
-0.578098
-0.379183
-1.03297
-0.0015552
6.39875e-05
-0.000669021
-1.75361
-0.90412
-2.78907
-0.000859466
-0.000308692
-0.00114844
1.17397
0.524937
1.7561
0.787164
0.0004317
0.000871667
2.867638703
Point 65
0.0027587
-0.000286127
-0.00100633
-0.595857
-0.423371
-0.936653
-0.0015531
2.60753e-05
-0.00105894
-1.7963
-1.02765
-2.7345
-0.00087425
-0.00036271
-0.00127941
1.1989
0.60428
1.79784
0.787184
0.000466622
0.000675257
2.911581349
Point 66
0.00274697
-0.00032503
-0.00100431
-0.612784
-0.456305
-0.754323
-0.00155293
-2.15016e-05
-0.00142272
-1.83775
-1.12874
-2.47418
-0.000889126
-0.000413632
-0.00135743
1.22342
0.672431
1.71986
0.787202
0.000488052
0.000416369
2.949824181
Point 67
0.00273518
-0.000361391
-0.00110655
-0.628928
-0.481752
-0.717394
-0.00155456
-7.6479e-05
-0.00177909
-1.87806
-1.21597
-2.58283
-0.00090418
-0.000464324
-0.00158993
1.24759
0.734216
1.86544
0.787219
0.000501195
0.00034089
2.984173476
Point 68
0.00272334
-0.000397242
-0.00118338
-0.644329
-0.502929
-0.629178
-0.00155785
-0.000137735
-0.00214416
-1.91733
-1.297
-2.58548
-0.000919483
-0.000517474
-0.00180978
1.27146
0.794076
1.9563
0.787235
0.000510258
0.000232211
3.015380754
Point 69
0.00271144
-0.000431884
-0.00122397
-0.65902
-0.519074
-0.486381
-0.00156272
-0.000204346
-0.0024957
-1.95563
-1.36978
-2.46354
-0.000935098
-0.000572227
-0.00200018
1.29507
0.850703
1.97716
0.78725
0.00051494
8.71329e-05
3.044054641
Point 70
0.00269948
-0.000446212
0.00019335
-0.673027
-0.509146
1.23962
-0.00156909
-0.000263199
-0.00181181
-1.99303
-1.37646
2.03867
-0.00095108
-0.000602499
-0.000194419
1.31846
0.86731
-0.799055
0.787264
0.000495373
-0.00154613
3.070695159
Point 71
0.00268746
-0.000438832
0.000348042
-0.686373
-0.474142
1.3355
-0.00157688
-0.000308267
-0.00150845
-2.02959
-1.31633
2.38259
-0.000967477
-0.000605074
2.63156e-06
1.34167
0.842187
-1.04709
0.787277
0.000453551
-0.00153199
3.097793105
Point 72
0.00267537
-0.000429355
0.000332111
-0.699073
-0.438315
1.23637
-0.00158604
-0.000347594
-0.00131595
-2.06535
-1.25244
2.20373
-0.000984336
-0.000605271
-1.64305e-05
1.36474
0.814126
-0.967357
0.787289
0.000413449
-0.00134781
3.125657183
Point 73
0.00266319
-0.000418056
0.000451603
-0.711141
-0.402265
1.27004
-0.00159655
-0.000380914
-0.00100644
-2.10037
-1.1859
2.41983
-0.0010017
-0.000602952
0.000174398
1.38769
0.783637
-1.14979
0.7873
0.000375411
-0.00129833
3.154331926
Point 74
0.00265092
-0.000403121
0.0005447
-0.722584
-0.364491
1.25544
-0.00160834
-0.000406322
-0.000698916
-2.13469
-1.11181
2.5307
-0.00101961
-0.00059508
0.000347928
1.41056
0.747318
-1.27527
0.787311
0.000337742
-0.00122145
3.184156897
Point 75
0.00263854
-0.000385001
0.00060565
-0.733409
-0.325923
1.19824
-0.00162142
-0.000423624
-0.000409086
-2.16833
-1.03205
2.54006
-0.00103809
-0.000581791
0.000492962
1.43338
0.706126
-1.34182
0.787321
0.000301025
-0.00111589
3.215507609
Point 76
0.00262605
-0.000363116
0.000698502
-0.743618
-0.286609
1.15177
-0.00163575
-0.000431521
-7.42198e-05
-2.20133
-0.94571
2.61486
-0.0010572
-0.000561667
0.000701967
1.45617
0.659101
-1.46309
0.78733
0.000265031
-0.00103695
3.248809248
Point 77
0.00261342
-0.000335373
0.000824489
-0.75321
-0.245641
1.10778
-0.00165131
-0.000426716
0.000320948
-2.23372
-0.848293
2.74721
-0.00107697
-0.00053087
0.000982306
1.47897
0.602652
-1.63943
0.787339
0.000228543
-0.000976484
3.284778449
Point 78
0.00260065
-0.000299744
0.000927947
-0.76218
-0.202604
1.02233
-0.00166811
-0.000405384
0.000707775
-2.26552
-0.73602
2.7927
-0.00109743
-0.000485378
0.00124686
1.50179
0.533417
-1.77037
0.787347
0.000190737
-0.000895064
3.324716307
Point 79
0.00258773
-0.000250255
0.00111855
-0.770524
-0.155259
0.960209
-0.00168614
-0.000357344
0.00124333
-2.29674
-0.596509
3.0089
-0.00111861
-0.000414266
0.0016779
1.52468
0.44125
-2.04869
0.787355
0.000148833
-0.000857855
3.370917597
Point 80
0.00257463
-0.000156377
0.00126474
-0.77823
-0.0894243
0.795821
-0.00170539
-0.000233237
0.00179399
-2.32742
-0.363005
3.02829
-0.00114056
-0.000263822
0.00208622
1.54764
0.273581
-2.23247
0.787363
8.76307e-05
-0.000757864
3.430231682
Point 81
0.00256136
0
0.00127541
-0.785288
0
0.678137
-0.00172586
0
0.00196746
-2.35755
0
2.89549
-0.0011633
0
0.00218526
1.57072
0
-2.21735
0.78737
0
-0.000680055
3.574506815
