6
Point 0
-0.000143927
0
0.000148965
-0.785109
0
0
-2.6354e-05
0
0
-2.35754
0
0
5.65501e-06
0
0
1.57068
0
0
0.785824
0
0
0.000000000
Point 1
-0.000134253
4.60228e-05
0.000150813
-0.785178
-0.000324753
-0.00106419
-1.60238e-05
4.91485e-05
0.000161056
-2.35726
0.00133485
0.00437421
2.00266e-05
6.83762e-05
0.000224064
1.88487
1.49483
4.89846
0.785743
-0.000384958
-0.00126148
0.360378953
Point 2
-0.00012458
7.27801e-05
0.000112772
-0.785246
-0.000513562
-0.00079576
-5.69358e-06
7.77232e-05
0.000120431
-2.35698
0.00211092
0.00327086
3.43981e-05
0.00010813
0.000167546
2.19906
2.36392
3.66287
0.785662
-0.00060877
-0.000943285
0.508733004
Point 3
-0.000114907
7.27801e-05
-0.000112772
-0.785314
-0.000513562
0.00079576
4.63664e-06
7.77232e-05
-0.000120431
-2.3567
0.00211092
-0.00327086
4.87697e-05
0.00010813
-0.000167546
2.51325
2.36392
-3.66287
0.785581
-0.00060877
0.000943285
0.629111956
Point 4
-0.000105234
4.60228e-05
-0.000150813
-0.785382
-0.000324753
0.00106419
1.49669e-05
4.91485e-05
-0.000161056
-2.35642
0.00133485
-0.00437421
6.31413e-05
6.83762e-05
-0.000224064
2.82743
1.49483
-4.89846
0.7855
-0.000384958
0.00126148
0.777466007
Point 5
-9.55603e-05
0
-0.000148965
-0.785451
0
0.00105115
2.52971e-05
0
-0.000159082
-2.35614
0
-0.00432059
7.75128e-05
0
-0.000221317
3.14162
0
-4.83841
0.785419
0
0.00124601
1.137844960
